B_med_009
Frequency	LZFmax [dB]	LZSmax [dB]	LZFmin [dB]	LZSmin [dB]	LZeq [dB]
12,5 Hz	48,19	48,19	44,91	44,91	46,8
16 Hz	52,57	52,57	50,1	50,1	51,27
20 Hz	64,39	64,39	62,63	62,63	63,22
25 Hz	58,01	57,56	54,64	55,47	56,68
31,5 Hz	58,19	57,77	56,01	56,24	56,91
40 Hz	53,82	53,21	51,11	51,44	52,37
50 Hz	66,07	65,62	63,83	64,44	65,18
63 Hz	57,93	56,92	54,34	55,02	56,05
80 Hz	75,41	74,47	69,82	70,97	72,84
100 Hz	75,86	75,06	72,99	74,12	74,64
125 Hz	73,49	71,4	67	69,28	70,31
160 Hz	78,18	76,48	71,16	73,44	74,81
200 Hz	80,13	78,04	72,38	74,59	76,57
250 Hz	71,79	69,75	64,28	66,96	68,16
315 Hz	67,76	66,29	60,63	63,6	64,54
400 Hz	70,75	68,4	62,88	64,8	66,48
500 Hz	65,83	63,48	59,18	61,03	62,21
630 Hz	58,25	56,84	54,05	55,33	56,12
800 Hz	61,59	59,7	56,52	58,08	58,95
1 kHz	58,68	57,24	54,26	55,71	56,53
1,25 kHz	58,82	57,17	54,4	55,97	56,55
1,6 kHz	56,55	54,81	52,27	53,57	54,26
2 kHz	54,29	53,15	51,02	52,06	52,51
2,5 kHz	50,24	49,34	47,83	48,6	48,99
3,15 kHz	47,12	45,83	43,46	44,3	45,14
4 kHz	43,34	42,08	39,67	40,46	41,25
5 kHz	39,86	38,31	36,15	37,07	37,74
6,3 kHz	33,21	32,21	29,81	31,04	31,62
8 kHz	31,78	27,92	23,26	25,1	25,96
10 kHz	28,3	23,38	16,75	18,64	19,94
12,5 kHz	25,02	19,47	10,28	12,42	14,46
16 kHz	21,53	15,63	7,44	8,43	10,3
20 kHz	17,13	12,12	8,03	8,38	9,05
A	72,2	71,32	69,38	70,16	70,76
Z	83,66	82,63	80,52	81,39	82,03