B_med_005
Frequency	LZFmax [dB]	LZSmax [dB]	LZFmin [dB]	LZSmin [dB]	LZeq [dB]
12,5 Hz	49,31	49,31	44,96	44,96	47,18
16 Hz	59,37	59,37	56,43	56,43	57,91
20 Hz	64,65	64,65	61,66	61,66	63,43
25 Hz	64,52	64,07	59,67	60,48	62,63
31,5 Hz	62,55	62,16	54,64	55,58	59,61
40 Hz	64,9	64,3	59,54	60,91	62,68
50 Hz	82,17	81,2	69,69	72,81	77,86
63 Hz	64,7	63,9	58,83	60,18	61,92
80 Hz	72,15	70,4	59,57	62,57	67,86
100 Hz	75,7	74,23	65,75	70,25	72,63
125 Hz	75,96	74,03	67,27	69,42	72,23
160 Hz	85,25	82,46	73,42	78,74	80,93
200 Hz	81,91	79,82	73,97	76,91	78,26
250 Hz	85	82,35	76,15	78,62	80,55
315 Hz	85,3	83,24	78,11	80,25	81,2
400 Hz	84,54	83,36	78,82	80,88	81,99
500 Hz	85,83	84,03	81,44	82,69	83,4
630 Hz	86	84,55	81,36	83,21	83,97
800 Hz	88,47	86,93	84,14	85,59	86,21
1 kHz	88,7	87,39	84,83	86,06	86,7
1,25 kHz	86,79	85,79	83,24	84,7	85,22
1,6 kHz	85,09	84,04	81,95	83,19	83,6
2 kHz	84,17	83,14	81	82,37	82,77
2,5 kHz	82,08	81,4	80,08	80,76	81,09
3,15 kHz	79,93	79,21	77,48	78,36	78,85
4 kHz	78,25	77,44	75,73	76,59	77,09
5 kHz	73,88	73,1	71,21	71,97	72,67
6,3 kHz	69,19	68,53	66,26	67,51	68,12
8 kHz	65,33	64,78	62,72	63,61	64,34
10 kHz	60,79	59,95	56,57	58,34	59,3
12,5 kHz	55,76	54,52	50,2	52,38	53,74
16 kHz	50,41	48,86	43,41	46,74	48,11
20 kHz	45,03	43,58	36,47	40,87	42,59
A	94,65	94,12	93,16	93,69	93,92
Z	95,6	95,07	94,09	94,58	94,89